 -2.5344087e+000  7.3919329e-001 -1.0173805e-001
 -1.5969920e+000  7.2649329e-001 -5.0194652e-001
 -5.6138565e-001  7.2649329e-001 -7.6088856e-001
  4.1823212e-001  7.2649329e-001 -1.0881607e+000
  1.4023851e+000  7.3284329e-001 -1.4169480e+000
  2.2814725e+000  7.2014329e-001 -1.6601658e+000
  2.6110446e+000  7.3284329e-001 -6.7366376e-001
  2.9394796e+000  7.4554329e-001  3.0943489e-001
  3.2652229e+000  7.2649329e-001  1.2844762e+000
  3.5865741e+000  7.2649329e-001  2.2463708e+000
  3.9110498e+000  7.2649329e-001  3.2176181e+000
  2.9556439e+000  7.3284329e-001  3.6147607e+000
  1.9977391e+000  7.3284329e-001  3.9347790e+000
  1.0447853e+000  7.3919329e-001  4.2531432e+000
  5.5346694e-002  7.3284329e-001  4.5836963e+000
 -8.9725742e-001  7.3284329e-001  4.9019437e+000
 -2.2016735e+000  7.2650000e-001  9.1521195e-001
 -1.8658286e+000  7.2650000e-001  1.9416661e+000
 -1.5330935e+000  7.2650000e-001  2.9586161e+000
 -1.1972486e+000  7.2650000e-001  3.9850703e+000
